1,0
2,0
3,0
4,0
5,0
6,0
7,0
8,0
9,0
10,0
11,0
12,0
13,0
14,0
15,0
16,0
17,0
18,0
19,0
20,0
21,0
22,0
23,0
24,0
25,0
26,0
27,0
28,0
29,1
30,0
31,0
32,0
33,0
34,0
35,0
36,0
37,1
38,0
39,0
40,0
41,0
42,0
43,0
44,0
45,0
46,0
47,0
48,0
49,0
50,0
51,0
52,0
53,0
54,0
55,0
56,0
57,0
58,0
59,0
60,0
61,0
62,0
63,0
64,0
65,0
66,0
67,0
68,0
69,0
70,0
71,0
72,0
73,0
74,0
75,0
76,0
77,0
78,0
79,0
80,0
81,0
82,0
83,0
84,0
85,0
86,0
87,0
88,0
89,0
90,0
91,0
92,0
93,0
94,0
95,0
96,0
97,0
98,0
99,0
100,0
101,0
102,0
103,0
104,0
105,0
106,0
107,0
108,0
109,0
110,0
111,0
112,0
113,0
114,0
115,0
116,0
117,0
118,0
119,0
120,0
121,0
122,0
123,0
124,0
125,0
126,0
127,0
128,0
129,0
130,0
131,0
132,0
133,0
134,0
135,0
136,0
137,0
138,1
139,0
140,0
141,0
142,0
143,0
144,0
145,0
146,0
147,0
148,0
149,4
150,0
151,0
152,0
153,0
154,0
155,0
156,0
157,0
158,0
159,0
160,0
161,0
162,0
163,0
164,0
165,0
166,0
167,0
168,0
169,0
170,0
171,0
172,0
173,0
174,0
175,0
176,0
177,0
178,0
179,0
180,0
181,1
182,0
183,0
184,0
185,0
186,0
187,0
188,1
189,0
190,0
191,0
192,0
193,1
194,1
195,0
196,0
197,0
198,0
199,1
200,0
201,0
202,0
203,0
204,0
205,0
206,0
207,0
208,0
209,2
210,0
211,0
212,0
213,0
214,0
215,0
216,0
217,0
218,2
219,0
220,2
221,0
222,0
223,0
224,1
225,0
226,0
227,0
228,0
229,0
230,0
231,0
232,0
233,0
234,0
235,0
236,0
237,0
238,0
239,0
240,0
241,8
242,0
243,0
244,0
245,0
246,0
247,0
248,0
249,0
250,0
251,0
252,0
253,0
254,2
255,0
256,0
257,0
258,0
259,0
260,0
261,0
262,0
263,2
264,0
265,0
266,0
267,0
268,0
269,0
270,0
271,0
272,0
273,0
274,0
275,0
276,0
277,0
278,0
279,0
280,1
281,0
282,0
283,3
284,0
285,0
286,0
287,0
288,0
289,0
290,0
291,0
292,0
293,2
294,0
295,0
296,0
297,0
298,0
299,1
300,0
301,0
302,0
303,0
304,0
305,0
306,0
307,0
308,0
309,0
310,0
311,0
312,0
313,0
314,2
315,0
316,0
317,0
318,0
319,0
320,0
321,0
322,0
323,1
324,0
325,3
326,0
327,0
328,0
329,1
330,0
331,0
332,0
333,0
334,0
335,0
336,0
337,0
338,0
339,0
340,1
341,0
342,0
343,2
344,0
345,0
346,0
347,0
348,0
349,0
350,0
351,3
352,0
353,0
354,0
355,0
356,0
357,0
358,0
359,0
360,0
361,4
362,0
363,0
364,4
365,0
366,0
367,0
368,0
369,0
370,0
371,0
372,0
373,0
374,2
375,0
376,0
377,0
378,0
379,0
380,0
381,0
382,1
383,1
384,0
385,0
386,0
387,0
388,0
389,0
390,1
391,0
392,0
393,0
394,0
395,0
396,0
397,0
398,0
399,0
400,0
401,0
402,0
403,1
404,0
405,0
406,0
407,0
408,0
409,0
410,1
411,0
412,0
413,0
414,0
415,2
416,0
417,0
418,0
419,0
420,0
421,1
422,0
423,0
424,0
425,0
426,0
427,0
428,0
429,0
430,0
431,0
432,0
433,0
434,0
435,0
436,1
437,0
438,0
439,0
440,0
441,0
442,1
443,2
444,0
445,0
446,1
447,0
448,0
449,1
450,0
451,1
452,0
453,0
454,0
455,0
456,0
457,0
458,0
459,2
460,0
461,0
462,1
463,1
464,1
465,0
466,0
467,1
468,1
469,0
470,0
471,0
472,0
473,0
474,0
475,0
476,0
477,0
478,0
479,0
480,0
481,1
482,0
483,0
484,0
485,0
486,0
487,0
488,0
489,0
490,0
491,0
492,0
493,0
494,0
495,0
496,0
497,3
498,0
499,0
500,1
501,0
502,1
503,1
504,0
505,0
506,0
507,0
508,0
509,8
510,0
511,2
512,0
513,0
514,0
515,2
516,1
517,0
518,0
519,0
520,1
521,0
522,0
523,3
524,0
525,0
526,0
527,0
528,0
529,0
530,0
531,2
532,0
533,0
534,1
535,2
536,1
537,0
538,1
539,0
540,0
541,1
542,0
543,0
544,1
545,0
546,0
547,0
548,0
549,0
550,0
551,0
552,0
553,0
554,1
555,0
556,0
557,0
558,0
559,0
560,0
561,0
562,0
563,0
564,0
565,0
566,0
567,0
568,0
569,1
570,0
571,0
572,0
573,0
574,0
575,0
576,0
577,0
578,0
579,0
580,0
581,0
582,0
583,0
584,1
585,0
586,0
587,0
588,1
589,0
590,1
591,0
592,0
593,0
594,3
595,0
596,0
597,0
598,0
599,0
600,0
601,1
602,0
603,0
604,0
605,0
606,0
607,1
608,0
609,0
610,0
611,1
612,0
613,0
614,1
615,0
616,0
617,0
618,0
619,0
620,2
621,1
622,0
623,1
624,0
625,4
626,0
627,0
628,0
629,1
630,0
631,0
632,0
633,0
634,0
635,0
636,1
637,0
638,0
639,0
640,0
641,0
642,0
643,0
644,0
645,0
646,0
647,0
648,0
649,0
650,0
651,2
652,0
653,0
654,0
655,0
656,0
657,0
658,0
659,0
660,0
661,1
662,0
663,0
664,0
665,0
666,2
667,0
668,0
669,0
670,0
671,0
672,0
673,0
674,2
675,0
676,0
677,0
678,0
679,0
680,0
681,0
682,0
683,1
684,0
685,3
686,0
687,0
688,0
689,1
690,0
691,0
692,0
693,0
694,0
695,2
696,0
697,0
698,0
699,0
700,1
701,0
702,0
703,4
704,0
705,0
706,0
707,0
708,0
709,0
710,0
711,1
712,0
713,0
714,0
715,0
716,0
717,0
718,0
719,0
720,0
721,1
722,0
723,0
724,1
725,0
726,0
727,0
728,0
729,0
730,0
731,0
732,0
733,0
734,6
735,0
736,0
737,0
738,0
739,0
740,0
741,0
742,1
743,1
744,0
745,0
746,0
747,0
748,0
749,0
750,1
751,0
752,0
753,0
754,0
755,0
756,1
757,0
758,0
759,1
760,4
761,0
762,0
763,2
764,1
765,0
766,0
767,0
768,0
769,0
770,0
771,0
772,0
773,0
774,0
775,1
776,0
777,0
778,0
779,0
780,0
781,1
782,0
783,0
784,0
785,0
786,0
787,0
788,0
789,0
790,0
791,0
792,0
793,0
794,2
795,0
796,0
797,0
798,0
799,0
800,1
801,0
802,1
803,5
804,0
805,1
806,0
807,1
808,0
809,1
810,0
811,1
812,0
813,0
814,0
815,1
816,0
817,0
818,0
819,0
820,1
821,0
822,0
823,1
824,0
825,0
826,0
827,0
828,0
829,0
830,0
831,2
832,0
833,0
834,0
835,5
836,0
837,0
838,0
839,0
840,0
841,0
842,1
843,0
844,4
845,0
846,0
847,0
848,1
849,0
850,0
851,0
852,0
853,0
854,1
855,0
856,0
857,0
858,0
859,0
860,0
861,1
862,0
863,1
864,0
865,1
866,0
867,0
868,0
869,1
870,0
871,1
872,2
873,0
874,0
875,2
876,1
877,0
878,1
879,1
880,2
881,0
882,0
883,3
884,1
885,0
886,0
887,0
888,0
889,0
890,0
891,1
892,0
893,1
894,2
895,1
896,0
897,0
898,0
899,0
900,0
901,1
902,0
903,0
904,0
905,4
906,0
907,0
908,0
909,1
910,0
911,0
912,0
913,0
914,3
915,0
916,0
917,0
918,0
919,0
920,0
921,0
922,0
923,1
924,0
925,1
926,3
927,0
928,0
929,0
930,0
931,0
932,0
933,3
934,0
935,0
936,0
937,1
938,0
939,1
940,2
941,0
942,0
943,1
944,2
945,0
946,0
947,0
948,0
949,0
950,0
951,1
952,0
953,1
954,0
955,2
956,0
957,0
958,0
959,0
960,0
961,2
962,0
963,0
964,1
965,1
966,0
967,0
968,0
969,0
970,0
971,0
972,1
973,1
974,2
975,0
976,0
977,0
978,0
979,0
980,1
981,3
982,0
983,1
984,2
985,4
986,2
987,0
988,0
989,1
990,0
991,1
992,0
993,0
994,0
995,0
996,0
997,0
998,0
999,2
1000,1
1001,0
1002,0
1003,0
1004,2
1005,0
1006,0
1007,0
1008,0
1009,1
1010,0
1011,0
1012,0
1013,0
1014,4
1015,1
1016,0
1017,0
1018,0
1019,0
1020,0
1021,5
1022,0
1023,0
1024,2
1025,2
1026,0
1027,0
1028,0
1029,0
1030,0
1031,0
1032,2
1033,0
1034,1
1035,0
1036,0
1037,0
1038,0
1039,0
1040,0
1041,0
1042,0
1043,1
1044,7
1045,1
1046,4
1047,0
1048,0
1049,1
1050,0
1051,0
1052,0
1053,1
1054,0
1055,3
1056,1
1057,0
1058,1
1059,0
1060,2
1061,3
1062,0
1063,0
1064,0
1065,0
1066,0
1067,0
1068,0
1069,0
1070,1
1071,2
1072,0
1073,0
1074,3
1075,1
1076,0
1077,0
1078,0
1079,0
1080,0
1081,1
1082,0
1083,0
1084,1
1085,2
1086,0
1087,0
1088,0
1089,0
1090,0
1091,0
1092,0
1093,0
1094,1
1095,0
1096,0
1097,1
1098,0
1099,0
1100,0
1101,0
1102,0
1103,2
1104,1
1105,2
1106,0
1107,0
1108,0
1109,4
1110,1
1111,0
1112,0
1113,0
1114,0
1115,0
1116,2
1117,0
1118,2
1119,1
1120,2
1121,0
1122,0
1123,1
1124,0
1125,0
1126,0
1127,0
1128,0
1129,0
1130,0
1131,0
1132,0
1133,0
1134,1
1135,0
1136,0
1137,1
1138,0
1139,0
1140,1
1141,8
1142,0
1143,0
1144,0
1145,0
1146,0
1147,0
1148,0
1149,0
1150,0
1151,0
1152,0
1153,0
1154,0
1155,0
1156,0
1157,0
1158,0
1159,0
1160,0
1161,0
1162,0
1163,0
1164,1
1165,0
1166,0
1167,0
1168,0
1169,0
1170,0
1171,0
1172,0
1173,0
1174,0
1175,0
1176,0
1177,0
1178,0
1179,0
1180,3
1181,0
1182,0
1183,0
1184,0
1185,0
1186,0
1187,0
1188,0
1189,0
1190,0
1191,1
1192,0
1193,0
1194,2
1195,7
1196,2
1197,3
1198,0
1199,1
1200,0
1201,6
1202,0
1203,0
1204,1
1205,1
1206,0
1207,0
1208,0
1209,2
1210,0
1211,0
1212,0
1213,0
1214,2
1215,0
1216,0
1217,1
1218,0
1219,0
1220,0
1221,0
1222,3
1223,0
1224,1
1225,1
1226,3
1227,0
1228,0
1229,3
1230,2
1231,0
1232,0
1233,0
1234,0
1235,0
1236,0
1237,0
1238,0
1239,1
1240,0
1241,0
1242,0
1243,9
1244,0
1245,1
1246,0
1247,0
1248,0
1249,0
1250,0
1251,1
1252,0
1253,0
1254,1
1255,2
1256,0
1257,1
1258,0
1259,0
1260,0
1261,1
1262,6
1263,0
1264,5
1265,0
1266,0
1267,0
1268,0
1269,0
1270,0
1271,0
1272,0
1273,0
1274,1
1275,0
1276,0
1277,0
1278,0
1279,0
1280,0
1281,5
1282,1
1283,2
1284,1
1285,4
1286,2
1287,0
1288,0
1289,0
1290,0
1291,0
1292,0
1293,0
1294,0
1295,0
1296,1
1297,0
1298,0
1299,0
1300,0
1301,0
1302,0
1303,3
1304,0
1305,1
1306,0
1307,0
1308,0
1309,0
1310,0
1311,0
1312,0
1313,3
1314,1
1315,1
1316,0
1317,0
1318,0
1319,0
1320,1
1321,3
1322,1
1323,0
1324,1
1325,1
1326,0
1327,0
1328,0
1329,0
1330,0
1331,0
1332,0
1333,0
1334,0
1335,0
1336,0
1337,0
1338,0
1339,0
1340,0
1341,4
1342,0
1343,0
1344,2
1345,4
1346,1
1347,0
1348,0
1349,5
1350,0
1351,1
1352,0
1353,0
1354,0
1355,2
1356,0
1357,0
1358,0
1359,1
1360,0
1361,0
1362,0
1363,0
1364,0
1365,0
1366,0
1367,0
1368,0
1369,0
1370,1
1371,0
1372,0
1373,0
1374,0
1375,2
1376,2
1377,2
1378,0
1379,0
1380,1
1381,8
1382,2
1383,0
1384,2
1385,2
1386,0
1387,0
1388,2
1389,0
1390,0
1391,0
1392,0
1393,0
1394,6
1395,0
1396,0
1397,0
1398,0
1399,0
1400,0
1401,7
1402,0
1403,0
1404,0
1405,0
1406,0
1407,0
1408,1
1409,1
1410,0
1411,0
1412,0
1413,0
1414,0
1415,0
1416,0
1417,0
1418,0
1419,0
1420,1
1421,0
1422,0
1423,4
1424,0
1425,0
1426,0
1427,0
1428,0
1429,0
1430,2
1431,0
1432,0
1433,0
1434,0
1435,2
1436,0
1437,2
1438,0
1439,0
1440,0
1441,4
1442,8
1443,0
1444,1
1445,0
1446,0
1447,0
1448,0
1449,0
1450,0
1451,0
1452,0
1453,0
1454,0
1455,0
1456,0
1457,0
1458,0
1459,0
1460,0
1461,5
1462,0
1463,2
1464,1
1465,0
1466,0
1467,0
1468,0
1469,0
1470,1
1471,0
1472,0
1473,0
1474,1
1475,0
1476,1
1477,0
1478,0
1479,0
1480,0
1481,0
1482,0
1483,2
1484,0
1485,0
1486,0
1487,0
1488,0
1489,0
1490,0
1491,0
1492,1
1493,0
1494,0
1495,1
1496,0
1497,2
1498,0
1499,0
1500,0
1501,2
1502,0
1503,0
1504,1
1505,0
1506,0
1507,0
1508,0
1509,0
1510,0
1511,0
1512,0
1513,0
1514,3
1515,0
1516,0
1517,0
1518,0
1519,0
1520,0
1521,0
1522,1
1523,1
1524,5
1525,0
1526,1
1527,0
1528,1
1529,2
1530,0
1531,0
1532,0
1533,0
1534,0
1535,1
1536,0
1537,0
1538,0
1539,0
1540,0
1541,0
1542,0
1543,0
1544,0
1545,0
1546,0
1547,0
1548,0
1549,0
1550,0
1551,0
1552,0
1553,0
1554,0
1555,0
1556,0
1557,0
1558,0
1559,1
1560,0
1561,1
1562,0
1563,0
1564,0
1565,0
1566,0
1567,0
1568,0
1569,0
1570,0
1571,0
1572,0
1573,0
1574,2
1575,0
1576,0
1577,0
1578,0
1579,0
1580,0
1581,1
1582,1
1583,1
1584,0
1585,1
1586,0
1587,3
1588,0
1589,1
1590,0
1591,0
1592,0
1593,0
1594,0
1595,2
1596,0
1597,0
1598,0
1599,0
1600,0
1601,0
1602,0
1603,0
1604,0
1605,0
1606,0
1607,0
1608,0
1609,0
1610,2
1611,0
1612,0
1613,2
1614,0
1615,4
1616,0
1617,1
1618,0
1619,0
1620,0
1621,0
1622,4
1623,0
1624,1
1625,0
1626,0
1627,0
1628,0
1629,0
1630,0
1631,0
1632,0
1633,0
1634,0
1635,0
1636,0
1637,0
1638,0
1639,0
1640,0
1641,0
1642,0
1643,0
1644,0
1645,0
1646,0
1647,0
1648,0
1649,3
1650,0
1651,0
1652,2
1653,0
1654,0
1655,0
1656,0
1657,0
1658,0
1659,5
1660,3
1661,0
1662,0
1663,0
1664,0
1665,0
1666,0
1667,0
1668,0
1669,0
1670,0
1671,0
1672,0
1673,0
1674,1
1675,2
1676,0
1677,0
1678,1
1679,0
1680,0
1681,1
1682,0
1683,0
1684,1
1685,0
1686,0
1687,0
1688,0
1689,0
1690,0
1691,0
1692,0
1693,0
1694,2
1695,0
1696,0
1697,0
1698,0
1699,0
1700,2
1701,1
1702,0
1703,2
1704,1
1705,0
1706,2
1707,0
1708,0
1709,4
1710,1
1711,0
1712,1
1713,0
1714,0
1715,0
1716,0
1717,0
1718,3
1719,0
1720,0
1721,0
1722,0
1723,1
1724,0
1725,0
1726,0
1727,0
1728,0
1729,0
1730,0
1731,1
1732,0
1733,1
1734,0
1735,0
1736,0
1737,1
1738,0
1739,0
1740,0
1741,1
1742,0
1743,0
1744,1
1745,1
1746,0
1747,2
1748,0
1749,0
1750,0
1751,0
1752,0
1753,0
1754,1
1755,0
1756,0
1757,0
1758,0
1759,0
1760,3
1761,0
1762,0
1763,1
1764,1
1765,1
1766,1
1767,0
1768,0
1769,0
1770,0
1771,0
1772,0
1773,1
1774,0
1775,0
1776,5
1777,0
1778,0
1779,3
1780,3
1781,0
1782,0
1783,3
1784,0
1785,0
1786,0
1787,1
1788,0
1789,1
1790,0
1791,1
1792,0
1793,1
1794,0
1795,0
1796,0
1797,2
1798,0
1799,0
1800,0
1801,0
1802,2
1803,0
1804,4
1805,1
1806,0
1807,0
1808,0
1809,0
1810,0
1811,0
1812,0
1813,0
1814,1
1815,0
1816,0
1817,0
1818,0
1819,0
1820,1
1821,2
1822,0
1823,2
1824,4
1825,4
1826,0
1827,0
1828,0
1829,0
1830,1
1831,0
1832,1
1833,0
1834,0
1835,0
1836,1
1837,0
1838,0
1839,0
1840,0
1841,0
1842,0
1843,0
1844,1
1845,0
1846,0
1847,1
1848,0
1849,0
1850,1
1851,0
1852,0
1853,0
1854,0
1855,1
1856,0
1857,2
1858,0
1859,0
1860,3
1861,0
1862,1
1863,0
1864,2
1865,0
1866,0
1867,0
1868,7
1869,0
1870,0
1871,0
1872,0
1873,0
1874,1
1875,0
1876,0
1877,0
1878,0
1879,0
1880,1
1881,1
1882,0
1883,3
1884,1
1885,0
1886,1
1887,0
1888,0
1889,1
1890,1
1891,0
1892,1
1893,0
1894,0
1895,0
1896,3
1897,0
1898,0
1899,1
1900,1
1901,0
1902,0
1903,0
1904,0
1905,0
1906,0
1907,0
1908,0
1909,0
1910,0
1911,0
1912,0
1913,0
1914,0
1915,1
1916,0
1917,0
1918,0
1919,0
1920,0
1921,2
1922,0
1923,0
1924,0
1925,1
1926,0
1927,0
1928,1
1929,0
1930,0
1931,0
1932,0
1933,0
1934,2
1935,0
1936,0
1937,0
1938,0
1939,0
1940,2
1941,1
1942,0
1943,1
1944,2
1945,0
1946,0
1947,0
1948,0
1949,2
1950,0
1951,0
1952,0
1953,0
1954,0
1955,0
1956,0
1957,0
1958,0
1959,0
1960,1
1961,0
1962,0
1963,3
1964,0
1965,2
1966,0
1967,0
1968,0
1969,0
1970,0
1971,0
1972,0
1973,0
1974,0
1975,1
1976,0
1977,1
1978,0
1979,0
1980,0
1981,2
1982,0
1983,0
1984,0
1985,2
1986,0
1987,0
1988,0
1989,0
1990,0
1991,0
1992,0
1993,0
1994,1
1995,0
1996,0
1997,0
1998,0
1999,0
2000,3
2001,0
2002,0
2003,1
2004,1
2005,4
2006,1
2007,0
2008,1
2009,1
2010,0
2011,0
2012,0
2013,0
2014,0
2015,0
2016,5
2017,0
2018,0
2019,0
2020,1
2021,0
2022,0
2023,1
2024,0
2025,2
2026,0
2027,0
2028,0
2029,0
2030,0
2031,0
2032,0
2033,0
2034,0
2035,0
2036,0
2037,0
2038,0
2039,0
2040,1
2041,1
2042,4
2043,0
2044,2
2045,0
2046,0
2047,0
2048,2
2049,0
2050,0
2051,0
2052,0
2053,0
2054,1
2055,0
2056,0
2057,0
2058,0
2059,0
2060,1
2061,3
2062,0
2063,1
2064,4
2065,0
2066,0
2067,0
2068,0
2069,2
2070,1
2071,0
2072,0
2073,0
2074,1
2075,0
2076,1
2077,0
2078,0
2079,1
2080,1
2081,0
2082,0
2083,0
2084,0
2085,6
2086,0
2087,0
2088,0
2089,0
2090,0
2091,0
2092,0
2093,1
2094,0
2095,0
2096,0
2097,1
2098,0
2099,0
2100,2
2101,1
2102,1
2103,0
2104,0
2105,3
2106,0
2107,0
2108,0
2109,0
2110,1
2111,0
2112,0
2113,0
2114,3
2115,0
2116,0
2117,0
2118,0
2119,0
2120,1
2121,0
2122,0
2123,2
2124,0
2125,1
2126,3
2127,0
2128,0
2129,1
2130,2
2131,0
2132,1
2133,0
2134,0
2135,0
2136,2
2137,0
2138,0
2139,1
2140,2
2141,0
2142,0
2143,2
2144,0
2145,2
2146,0
2147,1
2148,0
2149,0
2150,1
2151,0
2152,0
2153,0
2154,0
2155,1
2156,0
2157,0
2158,0
2159,0
2160,0
2161,1
2162,0
2163,0
2164,1
2165,2
2166,0
2167,0
2168,1
2169,0
2170,0
2171,0
2172,1
2173,0
2174,0
2175,1
2176,0
2177,0
2178,0
2179,0
2180,1
2181,0
2182,0
2183,0
2184,1
2185,0
2186,1
2187,0
2188,0
2189,2
2190,0
2191,0
2192,1
2193,0
2194,0
2195,0
2196,4
2197,0
2198,0
2199,1
2200,0
2201,0
2202,0
2203,1
2204,2
2205,2
2206,0
2207,0
2208,0
2209,1
2210,0
2211,0
2212,1
2213,0
2214,0
2215,0
2216,0
2217,1
2218,1
2219,0
2220,1
2221,2
2222,0
2223,0
2224,1
2225,1
2226,0
2227,0
2228,0
2229,0
2230,0
2231,0
2232,2
2233,0
2234,0
2235,0
2236,0
2237,1
2238,0
2239,0
2240,0
2241,0
2242,0
2243,1
2244,0
2245,1
2246,1
2247,0
2248,0
2249,0
2250,0
2251,0
2252,2
2253,1
2254,0
2255,2
2256,3
2257,1
2258,0
2259,0
2260,2
2261,0
2262,0
2263,0
2264,0
2265,1
2266,0
2267,0
2268,0
2269,0
2270,0
2271,2
2272,0
2273,1
2274,4
2275,0
2276,2
2277,0
2278,0
2279,0
2280,0
2281,1
2282,1
2283,0
2284,0
2285,1
2286,0
2287,0
2288,2
2289,0
2290,0
2291,0
2292,1
2293,0
2294,1
2295,0
2296,0
2297,0
2298,0
2299,1
2300,0
2301,1
2302,0
2303,0
2304,3
2305,0
2306,1
2307,0
2308,0
2309,1
2310,0
2311,0
2312,0
2313,0
2314,0
2315,1
2316,3
2317,1
2318,0
2319,0
2320,1
2321,0
2322,0
2323,8
2324,0
2325,2
2326,0
2327,1
2328,0
2329,0
2330,0
2331,1
2332,0
2333,1
2334,2
2335,0
2336,0
2337,0
2338,0
2339,0
2340,0
2341,3
2342,1
2343,0
2344,2
2345,1
2346,0
2347,0
2348,0
2349,0
2350,0
2351,0
2352,0
2353,0
2354,0
2355,0
2356,0
2357,0
2358,0
2359,0
2360,0
2361,1
2362,0
2363,0
2364,0
2365,2
2366,4
2367,0
2368,0
2369,2
2370,0
2371,0
2372,0
2373,2
2374,0
2375,0
2376,2
2377,1
2378,2
2379,0
2380,1
2381,0
2382,0
2383,2
2384,0
2385,0
2386,0
2387,0
2388,0
2389,0
2390,0
2391,0
2392,0
2393,1
2394,1
2395,3
2396,0
2397,2
2398,0
2399,0
2400,0
2401,0
2402,0
2403,0
2404,1
2405,2
2406,0
2407,1
2408,2
2409,0
2410,0
2411,0
2412,0
2413,0
2414,0
2415,0
2416,0
2417,0
2418,0
2419,0
2420,0
2421,0
2422,0
2423,1
2424,0
2425,1
2426,1
2427,0
2428,0
2429,2
2430,0
2431,0
2432,0
2433,0
2434,1
2435,0
2436,1
2437,0
2438,0
2439,0
2440,0
2441,2
2442,0
2443,6
2444,0
2445,1
2446,0
2447,0
2448,0
2449,0
2450,0
2451,0
2452,0
2453,0
2454,0
2455,1
2456,0
2457,1
2458,1
2459,0
2460,2
2461,1
2462,1
2463,0
2464,2
2465,1
2466,0
2467,4
2468,0
2469,0
2470,0
2471,0
2472,0
2473,0
2474,1
2475,0
2476,0
2477,0
2478,0
2479,0
2480,3
2481,5
2482,1
2483,0
2484,1
2485,0
2486,1
2487,0
2488,0
2489,1
2490,0
2491,4
2492,0
2493,0
2494,0
2495,0
2496,0
2497,1
2498,0
2499,0
2500,0
2501,0
2502,0
2503,2
2504,0
2505,4
2506,0
2507,3
2508,2
2509,0
2510,0
2511,1
2512,0
2513,0
2514,1
2515,0
2516,0
2517,1
2518,1
2519,0
2520,0
2521,1
2522,2
2523,0
2524,0
2525,1
2526,0
2527,1
2528,1
2529,0
2530,0
2531,0
2532,0
2533,0
2534,0
2535,0
2536,0
2537,0
2538,0
2539,0
2540,3
2541,0
2542,0
2543,1
2544,4
2545,2
2546,0
2547,0
2548,0
2549,4
2550,0
2551,3
2552,1
2553,0
2554,0
2555,1
2556,1
2557,0
2558,5
2559,1
2560,1
2561,0
2562,0
2563,0
2564,0
2565,2
2566,0
2567,1
2568,0
2569,0
2570,2
2571,0
2572,0
2573,1
2574,3
2575,1
2576,0
2577,0
2578,0
2579,0
2580,0
2581,1
2582,0
2583,0
2584,2
2585,0
2586,0
2587,0
2588,1
2589,0
2590,0
2591,0
2592,1
2593,0
2594,0
2595,0
2596,0
2597,0
2598,0
2599,0
2600,1
2601,1
2602,0
2603,1
2604,1
2605,1
2606,1
2607,0
2608,0
2609,2
2610,0
2611,2
2612,0
2613,0
2614,0
2615,0
2616,1
2617,0
2618,1
2619,2
2620,1
2621,0
2622,0
2623,3
2624,0
2625,3
2626,0
2627,0
2628,0
2629,0
2630,1
2631,1
2632,0
2633,5
2634,0
2635,3
2636,0
2637,2
2638,0
2639,0
2640,0
2641,2
2642,0
2643,0
2644,2
2645,0
2646,0
2647,2
2648,1
2649,0
2650,1
2651,0
2652,0
2653,0
2654,1
2655,0
2656,0
2657,0
2658,0
2659,0
2660,0
2661,3
2662,0
2663,1
2664,4
2665,2
2666,7
2667,0
2668,0
2669,0
2670,0
2671,0
2672,0
2673,0
2674,0
2675,0
2676,1
2677,0
2678,0
2679,1
2680,1
2681,0
2682,0
2683,0
2684,0
2685,2
2686,0
2687,1
2688,0
2689,0
2690,1
2691,1
2692,0
2693,1
2694,1
2695,1
2696,0
2697,4
2698,0
2699,0
2700,0
2701,3
2702,0
2703,0
2704,0
2705,2
2706,0
2707,2
2708,0
2709,0
2710,0
2711,0
2712,2
2713,3
2714,1
2715,0
2716,0
2717,3
2718,0
2719,0
2720,2
2721,0
2722,0
2723,1
2724,2
2725,1
2726,1
2727,2
2728,0
2729,1
2730,0
2731,2
2732,0
2733,0
2734,0
2735,1
2736,0
2737,1
2738,0
2739,0
2740,0
2741,0
2742,0
2743,1
2744,0
2745,0
2746,0
2747,2
2748,0
2749,0
2750,0
2751,1
2752,0
2753,1
2754,0
2755,0
2756,0
2757,3
2758,1
2759,0
2760,4
2761,2
2762,0
2763,0
2764,0
2765,1
2766,0
2767,0
2768,1
2769,0
2770,1
2771,0
2772,0
2773,2
2774,1
2775,0
2776,0
2777,2
2778,0
2779,0
2780,2
2781,0
2782,0
2783,4
2784,0
2785,1
2786,1
2787,0
2788,0
2789,0
2790,0
2791,0
2792,0
2793,0
2794,0
2795,1
2796,0
2797,0
2798,2
2799,1
2800,1
2801,0
2802,0
2803,2
2804,0
2805,1
2806,0
2807,0
2808,0
2809,0
2810,2
2811,0
2812,1
2813,0
2814,2
2815,1
2816,0
2817,2
2818,3
2819,0
2820,0
2821,3
2822,1
2823,0
2824,1
2825,0
2826,0
2827,1
2828,1
2829,0
2830,0
2831,2
2832,3
2833,0
2834,0
2835,1
2836,1
2837,3
2838,0
2839,0
2840,1
2841,0
2842,0
2843,0
2844,3
2845,4
2846,0
2847,0
2848,0
2849,9
2850,0
2851,1
2852,0
2853,0
2854,0
2855,1
2856,0
2857,1
2858,1
2859,0
2860,6
2861,0
2862,0
2863,2
2864,0
2865,1
2866,0
2867,1
2868,0
2869,0
2870,0
2871,0
2872,0
2873,0
2874,3
2875,2
2876,0
2877,1
2878,0
2879,0
2880,1
2881,1
2882,1
2883,0
2884,1
2885,0
2886,0
2887,4
2888,2
2889,0
2890,0
2891,0
2892,0
2893,0
2894,1
2895,0
2896,0
2897,0
2898,0
2899,0
2900,1
2901,0
2902,0
2903,3
2904,1
2905,1
2906,1
2907,0
2908,0
2909,2
2910,0
2911,0
2912,0
2913,0
2914,0
2915,3
2916,1
2917,0
2918,1
2919,3
2920,0
2921,0
2922,0
2923,1
2924,0
2925,4
2926,0
2927,0
2928,0
2929,0
2930,0
2931,0
2932,3
2933,0
2934,0
2935,1
2936,0
2937,0
2938,2
2939,2
2940,2
2941,1
2942,3
2943,0
2944,2
2945,1
2946,0
2947,0
2948,0
2949,0
2950,0
2951,0
2952,5
2953,0
2954,2
2955,0
2956,0
2957,6
2958,0
2959,0
2960,0
2961,1
2962,2
2963,0
2964,2
2965,1
2966,5
2967,0
2968,2
2969,1
2970,1
2971,3
2972,0
2973,0
2974,0
2975,1
2976,0
2977,3
2978,1
2979,3
2980,2
2981,0
2982,0
2983,0
2984,0
2985,1
2986,0
2987,0
2988,0
2989,0
2990,2
2991,0
2992,2
2993,0
2994,1
2995,1
2996,0
2997,2
2998,0
2999,0
3000,1
3001,0
3002,2
3003,0
3004,3
3005,1
3006,0
3007,5
3008,1
3009,0
3010,0
3011,0
3012,1
3013,0
3014,1
3015,0
3016,0
3017,1
3018,0
3019,0
3020,1
3021,3
3022,0
3023,1
3024,1
3025,1
3026,4
3027,2
3028,0
3029,2
3030,1
3031,0
3032,0
3033,2
3034,0
3035,1
3036,1
3037,0
3038,1
3039,1
3040,0
3041,0
3042,0
3043,0
3044,1
3045,1
3046,0
3047,1
3048,0
3049,0
3050,1
3051,1
3052,0
3053,1
3054,1
3055,1
3056,0
3057,1
3058,1
3059,0
3060,0
3061,5
3062,3
3063,0
3064,1
3065,1
3066,0
3067,2
3068,1
3069,0
3070,0
3071,0
3072,1
3073,0
3074,1
3075,0
3076,1
3077,2
3078,1
3079,0
3080,3
3081,2
3082,0
3083,2
3084,3
3085,3
3086,1
3087,0
3088,0
3089,0
3090,2
3091,1
3092,0
3093,0
3094,0
3095,0
3096,1
3097,0
3098,0
3099,1
3100,1
3101,0
3102,0
3103,1
3104,0
3105,2
3106,0
3107,0
3108,0
3109,0
3110,0
3111,0
3112,4
3113,4
3114,0
3115,1
3116,0
3117,3
3118,1
3119,0
3120,3
3121,1
3122,0
3123,0
3124,1
3125,3
3126,0
3127,2
3128,1
3129,0
3130,0
3131,0
3132,4
3133,0
3134,1
3135,2
3136,0
3137,3
3138,0
3139,0
3140,4
3141,1
3142,0
3143,2
3144,1
3145,1
3146,1
3147,0
3148,0
3149,3
3150,0
3151,0
3152,0
3153,2
3154,0
3155,0
3156,1
3157,0
3158,1
3159,3
3160,4
3161,1
3162,0
3163,2
3164,0
3165,0
3166,0
3167,1
3168,0
3169,1
3170,2
3171,3
3172,0
3173,1
3174,0
3175,3
3176,0
3177,1
3178,0
3179,0
3180,2
3181,2
3182,1
3183,0
3184,0
3185,1
3186,4
3187,0
3188,0
3189,0
3190,0
3191,0
3192,6
3193,0
3194,1
3195,1
3196,1
3197,3
3198,0
3199,2
3200,4
3201,0
3202,0
3203,1
3204,2
3205,3
3206,1
3207,0
3208,0
3209,0
3210,0
3211,2
3212,0
3213,0
3214,1
3215,2
3216,2
3217,0
3218,3
3219,1
3220,1
3221,0
3222,1
3223,1
3224,0
3225,2
3226,0
3227,0
3228,1
3229,0
3230,0
3231,1
3232,1
3233,0
3234,1
3235,3
3236,0
3237,5
3238,1
3239,0
3240,3
3241,1
3242,0
3243,0
3244,1
3245,1
3246,1
3247,1
3248,0
3249,0
3250,0
3251,0
3252,2
3253,0
3254,3
3255,0
3256,0
3257,2
3258,0
3259,0
3260,5
3261,0
3262,0
3263,1
3264,1
3265,1
3266,1
3267,0
3268,0
3269,1
3270,0
3271,0
3272,0
3273,1
3274,0
3275,0
3276,1
3277,2
3278,2
3279,0
3280,1
3281,0
3282,1
3283,2
3284,0
3285,1
3286,0
3287,0
3288,0
3289,0
3290,2
3291,2
3292,0
3293,1
3294,2
3295,4
3296,1
3297,1
3298,2
3299,0
3300,3
3301,1
3302,1
3303,0
3304,2
3305,1
3306,0
3307,1
3308,2
3309,0
3310,0
3311,0
3312,4
3313,0
3314,1
3315,0
3316,1
3317,0
3318,0
3319,3
3320,1
3321,3
3322,0
3323,2
3324,2
3325,3
3326,0
3327,0
3328,0
3329,0
3330,3
3331,4
3332,1
3333,0
3334,0
3335,1
3336,5
3337,0
3338,0
3339,3
3340,0
3341,0
3342,0
3343,1
3344,0
3345,2
3346,0
3347,2
3348,0
3349,0
3350,1
3351,2
3352,1
3353,1
3354,0
3355,2
3356,1
3357,1
3358,1
3359,0
3360,5
3361,1
3362,0
3363,0
3364,2
3365,1
3366,0
3367,0
3368,2
3369,0
3370,0
3371,0
3372,1
3373,0
3374,1
3375,0
3376,0
3377,3
3378,0
3379,2
3380,1
3381,1
3382,1
3383,1
3384,3
3385,1
3386,1
3387,0
3388,0
3389,2
3390,0
3391,0
3392,0
3393,0
3394,0
3395,0
3396,1
3397,0
3398,1
3399,0
3400,1
3401,0
3402,1
3403,1
3404,0
3405,1
3406,0
3407,1
3408,0
3409,0
3410,0
3411,1
3412,2
3413,2
3414,2
3415,0
3416,0
3417,2
3418,0
3419,0
3420,2
3421,3
3422,2
3423,0
3424,1
3425,1
3426,1
3427,1
3428,0
3429,0
3430,0
3431,0
3432,1
3433,0
3434,1
3435,0
3436,0
3437,2
3438,0
3439,0
3440,1
3441,0
3442,0
3443,1
3444,3
3445,2
3446,1
3447,0
3448,0
3449,1
3450,0
3451,0
3452,0
3453,0
3454,0
3455,0
3456,0
3457,0
3458,1
3459,0
3460,1
3461,0
3462,0
3463,2
3464,1
3465,1
3466,0
3467,2
3468,0
3469,0
3470,0
3471,2
3472,3
3473,1
3474,2
3475,1
3476,0
3477,0
3478,3
3479,0
3480,0
3481,3
3482,1
3483,0
3484,1
3485,0
3486,0
3487,2
3488,0
3489,0
3490,0
3491,0
3492,2
3493,0
3494,7
3495,0
3496,0
3497,3
3498,2
3499,1
3500,6
3501,2
3502,0
3503,0
3504,1
3505,1
3506,1
3507,1
3508,0
3509,4
3510,0
3511,1
3512,1
3513,0
3514,0
3515,1
3516,1
3517,0
3518,1
3519,1
3520,2
3521,0
3522,0
3523,1
3524,0
3525,6
3526,0
3527,2
3528,0
3529,0
3530,0
3531,1
3532,1
3533,1
3534,1
3535,0
3536,0
3537,2
3538,0
3539,0
3540,0
3541,1
3542,1
3543,0
3544,1
3545,3
3546,0
3547,0
3548,0
3549,0
3550,0
3551,0
3552,1
3553,0
3554,2
3555,0
3556,2
3557,0
3558,0
3559,0
3560,4
3561,0
3562,0
3563,1
3564,1
3565,1
3566,0
3567,0
3568,0
3569,2
3570,0
3571,1
3572,0
3573,1
3574,0
3575,1
3576,0
3577,0
3578,1
3579,1
3580,9
3581,0
3582,1
3583,6
3584,2
3585,2
3586,0
3587,0
3588,0
3589,0
3590,0
3591,0
3592,3
3593,0
3594,1
3595,1
3596,0
3597,1
3598,1
3599,0
3600,0
3601,1
3602,1
3603,0
3604,0
3605,2
3606,0
3607,1
3608,0
3609,0
3610,0
3611,0
3612,1
3613,0
3614,1
3615,0
3616,0
3617,0
3618,0
3619,0
3620,1
3621,2
3622,0
3623,0
3624,0
3625,5
3626,1
3627,0
3628,0
3629,1
3630,1
3631,4
3632,0
3633,0
3634,0
3635,0
3636,7
3637,0
3638,1
3639,1
3640,2
3641,0
3642,0
3643,2
3644,6
3645,1
3646,0
3647,0
3648,0
3649,0
3650,0
3651,2
3652,1
3653,3
3654,1
3655,0
3656,0
3657,1
3658,1
3659,1
3660,2
3661,0
3662,0
3663,0
3664,1
3665,2
3666,0
3667,0
3668,0
3669,0
3670,0
3671,0
3672,3
3673,0
3674,0
3675,0
3676,0
3677,0
3678,0
3679,0
3680,1
3681,5
3682,0
3683,2
3684,1
3685,2
3686,1
3687,1
3688,0
3689,0
3690,0
3691,0
3692,0
3693,0
3694,0
3695,0
3696,8
3697,0
3698,0
3699,1
3700,0
3701,0
3702,0
3703,2
3704,1
3705,2
3706,0
3707,0
3708,0
3709,1
3710,1
3711,3
3712,2
3713,2
3714,1
3715,4
3716,0
3717,2
3718,2
3719,0
3720,0
3721,3
3722,2
3723,0
3724,3
3725,1
3726,0
3727,2
3728,0
3729,0
3730,0
3731,0
3732,0
3733,0
3734,1
3735,0
3736,0
3737,1
3738,0
3739,0
3740,5
3741,1
3742,1
3743,0
3744,2
3745,0
3746,1
3747,0
3748,0
3749,0
3750,0
3751,1
3752,0
3753,0
3754,0
3755,1
3756,2
3757,0
3758,1
3759,1
3760,3
3761,0
3762,0
3763,1
3764,0
3765,1
3766,0
3767,1
3768,1
3769,0
3770,2
3771,3
3772,1
3773,0
3774,3
3775,1
3776,0
3777,0
3778,0
3779,0
3780,0
3781,1
3782,0
3783,0
3784,3
3785,2
3786,0
3787,1
3788,1
3789,0
3790,0
3791,0
3792,1
3793,0
3794,2
3795,0
3796,0
3797,1
3798,0
3799,1
3800,0
3801,1
3802,1
3803,1
3804,0
3805,1
3806,1
3807,0
3808,0
3809,3
3810,1
3811,1
3812,1
3813,0
3814,0
3815,2
3816,2
3817,0
3818,0
3819,2
3820,1
3821,0
3822,0
3823,1
3824,0
3825,5
3826,0
3827,1
3828,0
3829,0
3830,1
3831,6
3832,1
3833,2
3834,1
3835,1
3836,0
3837,6
3838,0
3839,0
3840,3
3841,2
3842,0
3843,0
3844,2
3845,2
3846,0
3847,4
3848,0
3849,1
3850,0
3851,0
3852,1
3853,0
3854,3
3855,0
3856,2
3857,0
3858,0
3859,3
3860,0
3861,3
3862,1
3863,1
3864,2
3865,2
3866,2
3867,0
3868,0
3869,1
3870,1
3871,0
3872,0
3873,4
3874,1
3875,1
3876,5
3877,0
3878,4
3879,1
3880,4
3881,0
3882,0
3883,1
3884,1
3885,3
3886,0
3887,1
3888,2
3889,0
3890,3
3891,2
3892,2
3893,0
3894,1
3895,3
3896,0
3897,0
3898,0
3899,0
3900,5
3901,1
3902,1
3903,0
3904,1
3905,3
3906,0
3907,6
3908,0
3909,0
3910,0
3911,0
3912,2
3913,0
3914,3
3915,0
3916,2
3917,1
3918,0
3919,0
3920,1
3921,1
3922,0
3923,0
3924,4
3925,1
3926,1
3927,0
3928,0
3929,1
3930,8
3931,0
3932,0
3933,1
3934,0
3935,0
3936,2
3937,2
3938,1
3939,7
3940,2
3941,0
3942,2
3943,1
3944,2
3945,2
3946,0
3947,1
3948,2
3949,0
3950,0
3951,1
3952,1
3953,0
3954,2
3955,4
3956,0
3957,1
3958,2
3959,1
3960,0
3961,3
3962,0
3963,0
3964,0
3965,4
3966,0
3967,4
3968,0
3969,0
3970,0
3971,0
3972,0
3973,0
3974,1
3975,0
3976,0
3977,8
3978,0
3979,1
3980,1
3981,1
3982,2
3983,1
3984,1
3985,1
3986,2
3987,0
3988,0
3989,0
3990,0
3991,1
3992,0
3993,0
3994,0
3995,0
3996,1
3997,0
3998,2
3999,1
4000,1
4001,0
4002,0
4003,1
4004,2
4005,1
4006,0
4007,1
4008,0
4009,1
4010,2
4011,0
4012,3
4013,3
4014,1
4015,2
4016,0
4017,0
4018,2
4019,0
4020,3
4021,2
4022,5
4023,0
4024,2
4025,1
4026,0
4027,0
4028,0
4029,0
4030,0
4031,0
4032,9
4033,0
4034,2
4035,0
4036,0
4037,0
4038,0
4039,1
4040,0
4041,1
4042,2
4043,4
4044,1
4045,1
4046,1
4047,0
4048,0
4049,2
4050,0
4051,1
4052,0
4053,0
4054,0
4055,0
4056,1
4057,2
4058,1
4059,0
4060,1
4061,0
4062,0
4063,1
4064,0
4065,1
4066,0
4067,2
4068,0
4069,0
4070,0
4071,2
4072,0
4073,1
4074,2
4075,0
4076,0
4077,1
4078,1
4079,0
4080,1
4081,4
4082,2
4083,0
4084,0
4085,3
4086,0
4087,1
4088,0
4089,0
4090,1
4091,0
4092,1
4093,0
4094,1
4095,1
4096,3
4097,1
4098,1
4099,0
4100,1
4101,2
4102,0
4103,0
4104,1
4105,3
4106,1
4107,0
4108,0
4109,1
4110,0
4111,1
4112,0
4113,2
4114,0
4115,1
4116,1
4117,0
4118,1
4119,0
4120,1
4121,0
4122,1
4123,0
4124,3
4125,1
4126,0
4127,2
4128,1
4129,0
4130,1
4131,0
4132,0
4133,1
4134,4
4135,0
4136,0
4137,1
4138,1
4139,0
4140,1
4141,1
4142,5
4143,0
4144,7
4145,1
4146,0
4147,6
4148,0
4149,0
4150,0
4151,0
4152,1
4153,1
4154,1
4155,0
4156,1
4157,1
4158,0
4159,0
4160,0
4161,2
4162,4
4163,4
4164,6
4165,1
4166,6
4167,0
4168,0
4169,1
4170,1
4171,5
4172,0
4173,1
4174,0
4175,0
4176,3
4177,1
4178,0
4179,0
4180,1
4181,0
4182,0
4183,3
4184,0
4185,2
4186,0
4187,1
4188,0
4189,0
4190,0
4191,1
4192,3
4193,0
4194,1
4195,1
4196,0
4197,1
4198,3
4199,0
4200,1
4201,3
4202,2
4203,0
4204,0
4205,1
4206,0
4207,2
4208,0
4209,2
4210,0
4211,0
4212,1
4213,0
4214,2
4215,0
4216,1
4217,1
4218,0
4219,0
4220,2
4221,1
4222,1
4223,2
4224,1
4225,0
4226,0
4227,0
4228,0
4229,2
4230,1
4231,0
4232,0
4233,4
4234,0
4235,0
4236,1
4237,0
4238,2
4239,2
4240,5
4241,0
4242,0
4243,0
4244,2
4245,0
4246,0
4247,2
4248,0
4249,0
4250,0
4251,0
4252,1
4253,1
4254,1
4255,3
4256,0
4257,2
4258,4
4259,0
4260,1
4261,1
4262,1
4263,0
4264,4
4265,1
4266,1
4267,1
4268,0
4269,0
4270,0
4271,0
4272,2
4273,0
4274,3
4275,0
4276,0
4277,3
4278,0
4279,6
4280,2
4281,1
4282,1
4283,1
4284,1
4285,1
4286,1
4287,0
4288,0
4289,0
